-1e3      -50.0
-10.0     -50.0
-4.983222 -41.696290
-4.919463 -41.380800
-4.835571 -40.960146
-4.755034 -40.539492
-4.667786 -39.961093
-4.570471 -39.172367
-4.483222 -37.542332
-4.392619 -36.648443
-4.268458 -35.596808
-4.345639 -36.017462
-4.197988 -35.439063
-4.130874 -35.859716
-4.073827 -36.332952
-4.033559 -36.543279
-3.986579 -36.595861
-3.932888 -36.332952
-3.899331 -35.544226
-3.859062 -34.650336
-3.815438 -33.703865
-3.761747 -32.547066
-3.711412 -31.390268
-3.661076 -30.233470
-3.610741 -29.549907
-3.540271 -29.129253
-3.453023 -29.286998
-3.392620 -30.286051
-3.338929 -31.442850
-3.288594 -33.020302
-3.265104 -34.334846
-3.231547 -35.964880
-3.211413 -37.647496
-3.191278 -39.277530
-3.171144 -41.380800
-3.147654 -43.273743
-3.140943 -44.798614
-3.127520 -47.059629
-3.114097 -49.005153
-3.083896 -49.583553
-3.036916 -49.268062
-3.016782 -46.849302
-3.006715 -44.115051
-2.973158 -42.379853
-3.020138 -45.114104
-2.953024 -40.960146
-2.909400 -39.908511
-2.852353 -39.698184
-2.802017 -40.434329
-2.761749 -41.012728
-2.724836 -40.434329
-2.704702 -39.382694
-2.671145 -37.700078
-2.620810 -34.334846
-2.583897 -31.495431
-2.543629 -29.339580
-2.493293 -27.288892
-2.436246 -25.343367
-2.362421 -23.818496
-2.291951 -23.134934
-2.228193 -22.819443
-2.154368 -23.555588
-2.077186 -25.133040
-2.036918 -26.447584
-1.983227 -29.181835
-2.003361 -27.604382
-1.959737 -31.758340
-1.906046 -40.171420
-1.869133 -45.429595
-1.852355 -46.323484
-1.808731 -42.379853
-1.802019 -39.172367
-1.775174 -36.753606
-1.751684 -34.019355
-1.731550 -32.178994
-1.697993 -30.443797
-1.647657 -29.392162
-1.577187 -29.286998
-1.543630 -30.811869
-1.513429 -32.231576
-1.479872 -33.125466
-1.449671 -33.598701
-1.412758 -33.072884
-1.375845 -30.969614
-1.355711 -27.709546
-1.312087 -25.238204
-1.285242 -23.397842
-1.234906 -21.136827
-1.181215 -18.875812
-1.137591 -17.613850
-1.087255 -16.930287
-1.040276 -16.351888
-0.989940 -16.194143
-0.926182 -16.719960
-0.916115 -17.245778
-0.879202 -18.612903
-0.845645 -20.716173
-0.798665 -25.395949
-0.822155 -22.977188
-0.791954 -27.446637
-0.788598 -29.444743
-0.788598 -31.022196
-0.768464 -32.652230
-0.761753 -35.491644
-0.748330 -36.122625
-0.724840 -32.441903
-0.708061 -27.341473
-0.691283 -23.503006
-0.671149 -19.980029
-0.651015 -17.456105
-0.600679 -13.617637
-0.634236 -15.510580
-0.573833 -11.514367
-0.526854 -9.200771
-0.506480 -8.522789
-0.481301 -7.441903
-0.455115 -6.310350
-0.427922 -5.145019
-0.387635 -4.081022
-0.338284 -2.898802
-0.278862 -1.953027
-0.230518 -1.243695
-0.185196 -0.855251
-0.111673 -0.348586
-0.062322 -0.179697
0.010957   0.0
0.0 0.0

