 -29.71  -19.30
 -23.77  -15.44
 -17.83  -11.58
 -11.89   -7.72
  -5.94   -3.86
   0.00    0.00
   5.94    3.86
  11.89    7.72
  17.83   11.58
  23.77   15.44
  29.71   19.30
  14.11  -34.74
  20.06  -30.88
  26.00  -27.02
   1.86  -35.38
   7.80  -31.52
  13.74  -27.66
  19.69  -23.80
  25.63  -19.94
  31.57  -16.08
 -10.40  -36.03
  -4.46  -32.17
   1.49  -28.31
   7.43  -24.45
  13.37  -20.59
  19.31  -16.73
  25.26  -12.87
  31.20   -9.01
  37.14   -5.15
 -16.71  -32.81
 -10.77  -28.95
  -4.83  -25.09
   1.11  -21.23
   7.06  -17.37
  13.00  -13.51
  18.94   -9.65
  24.89   -5.79
  30.83   -1.93
  36.77    1.93
 -23.03  -29.59
 -17.09  -25.73
 -11.14  -21.87
  -5.20  -18.01
   0.74  -14.15
   6.69  -10.29
  12.63   -6.43
  18.57   -2.57
  24.51    1.29
  30.46    5.15
  36.40    9.01
 -23.40  -22.52
 -17.46  -18.66
 -11.51  -14.80
  -5.57  -10.94
   0.37   -7.08
   6.31   -3.22
  12.26    0.64
  18.20    4.50
  24.14    8.36
  30.09   12.22
 -30.09  -12.22
 -24.14   -8.36
 -18.20   -4.50
 -12.26   -0.64
  -6.31    3.22
  -0.37    7.08
   5.57   10.94
  11.51   14.80
  17.46   18.66
  23.40   22.52
 -36.40   -9.01
 -30.46   -5.15
 -24.51   -1.29
 -18.57    2.57
 -12.63    6.43
  -6.69   10.29
  -0.74   14.15
   5.20   18.01
  11.14   21.87
  17.09   25.73
  23.03   29.59
 -36.77   -1.93
 -30.83    1.93
 -24.89    5.79
 -18.94    9.65
 -13.00   13.51
  -7.06   17.37
  -1.11   21.23
   4.83   25.09
  10.77   28.95
  16.71   32.81
 -37.14    5.15
 -31.20    9.01
 -25.26   12.87
 -19.31   16.73
 -13.37   20.59
  -7.43   24.45
  -1.49   28.31
   4.46   32.17
  10.40   36.03
 -31.57   16.08
 -25.63   19.94
 -19.69   23.80
 -13.74   27.66
  -7.80   31.52
  -1.86   35.38
 -26.00   27.02
 -20.06   30.88
 -14.11   34.74
